0 0.723431 0.257287 0.0340683 0.0597888 0.533728
0 0.278908 0.786493 0.126047 0.210235 0.449412
0 0.695896 0.351779 0.041811 0.0514681 0.405421
0 0.224313 0.93744 0.120218 0.124919 0.355603
0 0.493888 0.968525 0.0306192 0.0593546 0.335775
0 0.577635 0.684522 0.0280972 0.0693331 0.305241
0 0.574392 0.692477 0.028821 0.0669407 0.302922
0 0.609694 0.597883 0.0284552 0.0683998 0.288289
0 0.287707 0.761322 0.127228 0.223565 0.285415
0 0.350306 0.564533 0.12072 0.199611 0.269394
0 0.562622 0.840331 0.0610593 0.0859468 0.261273
0 0.67286 0.416861 0.0311815 0.075611 0.260528
